Orthogroup	hi_protein	pa_protein	sa_mrsa_protein	Total
OG0000000	0	51	0	51
OG0000001	1	40	0	41
OG0000002	0	38	1	39
OG0000003	1	29	2	32
OG0000004	0	26	1	27
OG0000005	0	26	0	26
OG0000006	1	18	5	24
OG0000007	1	22	0	23
OG0000008	1	20	1	22
OG0000009	0	19	0	19
OG0000010	0	18	1	19
OG0000011	0	19	0	19
OG0000012	1	17	0	18
OG0000013	0	17	0	17
OG0000014	3	9	3	15
OG0000015	5	7	3	15
OG0000016	1	13	1	15
OG0000017	1	14	0	15
OG0000018	0	14	1	15
OG0000019	0	15	0	15
OG0000020	0	15	0	15
OG0000021	0	0	15	15
OG0000022	1	12	1	14
OG0000023	0	14	0	14
OG0000024	0	14	0	14
OG0000025	1	12	0	13
OG0000026	1	11	1	13
OG0000027	0	13	0	13
OG0000028	0	13	0	13
OG0000029	0	12	1	13
OG0000030	1	11	0	12
OG0000031	1	11	0	12
OG0000032	2	10	0	12
OG0000033	2	5	5	12
OG0000034	3	7	2	12
OG0000035	1	11	0	12
OG0000036	1	8	3	12
OG0000037	0	12	0	12
OG0000038	0	10	2	12
OG0000039	0	2	10	12
OG0000040	1	4	6	11
OG0000041	1	10	0	11
OG0000042	1	10	0	11
OG0000043	1	5	5	11
OG0000044	1	10	0	11
OG0000045	0	11	0	11
OG0000046	0	11	0	11
OG0000047	0	11	0	11
OG0000048	0	7	4	11
OG0000049	1	9	0	10
OG0000050	3	5	2	10
OG0000051	1	2	7	10
OG0000052	0	10	0	10
OG0000053	0	10	0	10
OG0000054	0	0	10	10
OG0000055	1	7	1	9
OG0000056	1	8	0	9
OG0000057	1	5	3	9
OG0000058	2	6	1	9
OG0000059	1	7	1	9
OG0000060	1	8	0	9
OG0000061	0	9	0	9
OG0000062	0	8	1	9
OG0000063	0	9	0	9
OG0000064	0	9	0	9
OG0000065	0	3	6	9
OG0000066	0	8	1	9
OG0000067	1	4	3	8
OG0000068	1	6	1	8
OG0000069	2	5	1	8
OG0000070	2	6	0	8
OG0000071	1	4	3	8
OG0000072	1	6	1	8
OG0000073	1	2	5	8
OG0000074	1	3	4	8
OG0000075	0	7	1	8
OG0000076	0	7	1	8
OG0000077	0	6	2	8
OG0000078	0	8	0	8
OG0000079	0	6	2	8
OG0000080	0	8	0	8
OG0000081	0	8	0	8
OG0000082	0	0	8	8
OG0000083	1	3	3	7
OG0000084	2	3	2	7
OG0000085	1	5	1	7
OG0000086	1	4	2	7
OG0000087	1	2	4	7
OG0000088	3	2	2	7
OG0000089	3	1	3	7
OG0000090	1	4	2	7
OG0000091	2	4	1	7
OG0000092	2	3	2	7
OG0000093	3	4	0	7
OG0000094	2	3	2	7
OG0000095	3	4	0	7
OG0000096	1	3	3	7
OG0000097	1	3	3	7
OG0000098	2	1	4	7
OG0000099	1	3	3	7
OG0000100	1	4	2	7
OG0000101	1	6	0	7
OG0000102	0	7	0	7
OG0000103	0	7	0	7
OG0000104	0	7	0	7
OG0000105	0	6	1	7
OG0000106	0	7	0	7
OG0000107	0	7	0	7
OG0000108	0	5	2	7
OG0000109	0	6	1	7
OG0000110	0	0	7	7
OG0000111	0	0	7	7
OG0000112	0	0	7	7
OG0000113	0	0	7	7
OG0000114	1	3	2	6
OG0000115	1	5	0	6
OG0000116	2	1	3	6
OG0000117	2	4	0	6
OG0000118	1	3	2	6
OG0000119	1	5	0	6
OG0000120	2	3	1	6
OG0000121	1	4	1	6
OG0000122	2	4	0	6
OG0000123	3	2	1	6
OG0000124	1	4	1	6
OG0000125	2	2	2	6
OG0000126	2	2	2	6
OG0000127	3	1	2	6
OG0000128	2	2	2	6
OG0000129	1	2	3	6
OG0000130	3	2	1	6
OG0000131	3	1	2	6
OG0000132	1	2	3	6
OG0000133	2	2	2	6
OG0000134	2	2	2	6
OG0000135	2	2	2	6
OG0000136	1	5	0	6
OG0000137	1	4	1	6
OG0000138	1	3	2	6
OG0000139	2	3	1	6
OG0000140	2	3	1	6
OG0000141	1	4	1	6
OG0000142	1	4	1	6
OG0000143	1	2	3	6
OG0000144	2	4	0	6
OG0000145	1	4	1	6
OG0000146	1	5	0	6
OG0000147	4	0	2	6
OG0000148	1	4	1	6
OG0000149	1	4	1	6
OG0000150	1	3	2	6
OG0000151	1	4	1	6
OG0000152	1	4	1	6
OG0000153	0	6	0	6
OG0000154	0	6	0	6
OG0000155	0	6	0	6
OG0000156	0	6	0	6
OG0000157	0	6	0	6
OG0000158	0	6	0	6
OG0000159	0	6	0	6
OG0000160	0	6	0	6
OG0000161	0	6	0	6
OG0000162	0	6	0	6
OG0000163	0	4	2	6
OG0000164	0	4	2	6
OG0000165	0	5	1	6
OG0000166	0	6	0	6
OG0000167	0	6	0	6
OG0000168	0	6	0	6
OG0000169	0	6	0	6
OG0000170	0	6	0	6
OG0000171	0	6	0	6
OG0000172	0	6	0	6
OG0000173	0	6	0	6
OG0000174	0	1	5	6
OG0000175	0	0	6	6
OG0000176	0	0	6	6
OG0000177	0	0	6	6
OG0000178	1	3	1	5
OG0000179	4	1	0	5
OG0000180	2	2	1	5
OG0000181	1	3	1	5
OG0000182	3	2	0	5
OG0000183	2	3	0	5
OG0000184	1	2	2	5
OG0000185	2	2	1	5
OG0000186	1	3	1	5
OG0000187	1	2	2	5
OG0000188	1	1	3	5
OG0000189	1	3	1	5
OG0000190	1	4	0	5
OG0000191	1	4	0	5
OG0000192	3	1	1	5
OG0000193	2	1	2	5
OG0000194	3	1	1	5
OG0000195	3	2	0	5
OG0000196	1	4	0	5
OG0000197	1	4	0	5
OG0000198	1	1	3	5
OG0000199	1	2	2	5
OG0000200	1	1	3	5
OG0000201	1	2	2	5
OG0000202	1	2	2	5
OG0000203	2	2	1	5
OG0000204	1	1	3	5
OG0000205	1	3	1	5
OG0000206	1	3	1	5
OG0000207	1	3	1	5
OG0000208	1	3	1	5
OG0000209	1	3	1	5
OG0000210	1	2	2	5
OG0000211	1	2	2	5
OG0000212	1	2	2	5
OG0000213	2	2	1	5
OG0000214	1	2	2	5
OG0000215	1	2	2	5
OG0000216	2	3	0	5
OG0000217	1	2	2	5
OG0000218	1	4	0	5
OG0000219	1	3	1	5
OG0000220	1	1	3	5
OG0000221	1	4	0	5
OG0000222	2	2	1	5
OG0000223	1	2	2	5
OG0000224	2	2	1	5
OG0000225	2	2	1	5
OG0000226	2	3	0	5
OG0000227	2	1	2	5
OG0000228	1	3	1	5
OG0000229	3	1	1	5
OG0000230	1	3	1	5
OG0000231	1	3	1	5
OG0000232	1	4	0	5
OG0000233	2	2	1	5
OG0000234	1	2	2	5
OG0000235	1	2	2	5
OG0000236	1	1	3	5
OG0000237	0	5	0	5
OG0000238	0	4	1	5
OG0000239	0	5	0	5
OG0000240	0	5	0	5
OG0000241	0	5	0	5
OG0000242	0	5	0	5
OG0000243	0	5	0	5
OG0000244	0	4	1	5
OG0000245	0	5	0	5
OG0000246	0	5	0	5
OG0000247	0	4	1	5
OG0000248	0	4	1	5
OG0000249	0	5	0	5
OG0000250	0	5	0	5
OG0000251	0	5	0	5
OG0000252	0	5	0	5
OG0000253	0	3	2	5
OG0000254	0	4	1	5
OG0000255	0	5	0	5
OG0000256	0	5	0	5
OG0000257	0	5	0	5
OG0000258	0	4	1	5
OG0000259	0	4	1	5
OG0000260	0	5	0	5
OG0000261	0	3	2	5
OG0000262	0	2	3	5
OG0000263	0	3	2	5
OG0000264	0	3	2	5
OG0000265	0	2	3	5
OG0000266	0	3	2	5
OG0000267	0	3	2	5
OG0000268	0	4	1	5
OG0000269	0	5	0	5
OG0000270	0	0	5	5
OG0000271	0	0	5	5
OG0000272	0	0	5	5
OG0000273	0	0	5	5
OG0000274	2	1	1	4
OG0000275	1	2	1	4
OG0000276	1	2	1	4
OG0000277	2	1	1	4
OG0000278	4	0	0	4
OG0000279	1	2	1	4
OG0000280	1	2	1	4
OG0000281	1	2	1	4
OG0000282	1	1	2	4
OG0000283	2	1	1	4
OG0000284	2	2	0	4
OG0000285	1	2	1	4
OG0000286	1	3	0	4
OG0000287	1	1	2	4
OG0000288	1	1	2	4
OG0000289	1	2	1	4
OG0000290	2	1	1	4
OG0000291	3	0	1	4
OG0000292	1	2	1	4
OG0000293	1	1	2	4
OG0000294	2	1	1	4
OG0000295	2	0	2	4
OG0000296	1	1	2	4
OG0000297	2	1	1	4
OG0000298	1	2	1	4
OG0000299	1	1	2	4
OG0000300	1	2	1	4
OG0000301	1	2	1	4
OG0000302	1	2	1	4
OG0000303	1	1	2	4
OG0000304	2	1	1	4
OG0000305	1	3	0	4
OG0000306	1	2	1	4
OG0000307	1	2	1	4
OG0000308	2	1	1	4
OG0000309	1	2	1	4
OG0000310	1	1	2	4
OG0000311	1	1	2	4
OG0000312	1	2	1	4
OG0000313	1	2	1	4
OG0000314	1	1	2	4
OG0000315	2	2	0	4
OG0000316	4	0	0	4
OG0000317	1	2	1	4
OG0000318	1	2	1	4
OG0000319	1	2	1	4
OG0000320	2	1	1	4
OG0000321	1	2	1	4
OG0000322	1	1	2	4
OG0000323	1	1	2	4
OG0000324	1	2	1	4
OG0000325	1	2	1	4
OG0000326	1	1	2	4
OG0000327	1	1	2	4
OG0000328	1	3	0	4
OG0000329	1	1	2	4
OG0000330	2	2	0	4
OG0000331	1	2	1	4
OG0000332	1	2	1	4
OG0000333	1	2	1	4
OG0000334	1	1	2	4
OG0000335	1	2	1	4
OG0000336	1	2	1	4
OG0000337	1	2	1	4
OG0000338	1	2	1	4
OG0000339	1	1	2	4
OG0000340	1	1	2	4
OG0000341	1	2	1	4
OG0000342	1	2	1	4
OG0000343	1	2	1	4
OG0000344	1	3	0	4
OG0000345	1	2	1	4
OG0000346	1	2	1	4
OG0000347	1	1	2	4
OG0000348	1	1	2	4
OG0000349	1	1	2	4
OG0000350	1	2	1	4
OG0000351	2	1	1	4
OG0000352	1	2	1	4
OG0000353	1	2	1	4
OG0000354	1	2	1	4
OG0000355	1	2	1	4
OG0000356	1	2	1	4
OG0000357	1	1	2	4
OG0000358	1	1	2	4
OG0000359	1	2	1	4
OG0000360	1	2	1	4
OG0000361	2	2	0	4
OG0000362	3	1	0	4
OG0000363	1	2	1	4
OG0000364	1	2	1	4
OG0000365	1	3	0	4
OG0000366	1	2	1	4
OG0000367	1	2	1	4
OG0000368	1	2	1	4
OG0000369	1	2	1	4
OG0000370	1	2	1	4
OG0000371	1	3	0	4
OG0000372	1	1	2	4
OG0000373	1	1	2	4
OG0000374	1	2	1	4
OG0000375	1	2	1	4
OG0000376	1	0	3	4
OG0000377	1	2	1	4
OG0000378	1	2	1	4
OG0000379	1	1	2	4
OG0000380	2	1	1	4
OG0000381	1	1	2	4
OG0000382	1	1	2	4
OG0000383	1	3	0	4
OG0000384	1	1	2	4
OG0000385	1	2	1	4
OG0000386	1	1	2	4
OG0000387	1	3	0	4
OG0000388	1	2	1	4
OG0000389	1	1	2	4
OG0000390	1	2	1	4
OG0000391	0	4	0	4
OG0000392	0	4	0	4
OG0000393	0	4	0	4
OG0000394	0	4	0	4
OG0000395	0	3	1	4
OG0000396	0	3	1	4
OG0000397	0	4	0	4
OG0000398	0	3	1	4
OG0000399	0	4	0	4
OG0000400	0	4	0	4
OG0000401	0	3	1	4
OG0000402	0	4	0	4
OG0000403	0	4	0	4
OG0000404	0	4	0	4
OG0000405	0	3	1	4
OG0000406	0	2	2	4
OG0000407	0	3	1	4
OG0000408	0	4	0	4
OG0000409	0	4	0	4
OG0000410	0	3	1	4
OG0000411	0	4	0	4
OG0000412	0	4	0	4
OG0000413	0	4	0	4
OG0000414	0	4	0	4
OG0000415	0	4	0	4
OG0000416	0	1	3	4
OG0000417	0	4	0	4
OG0000418	0	2	2	4
OG0000419	0	2	2	4
OG0000420	0	4	0	4
OG0000421	0	4	0	4
OG0000422	0	4	0	4
OG0000423	0	4	0	4
OG0000424	0	4	0	4
OG0000425	0	4	0	4
OG0000426	0	4	0	4
OG0000427	0	4	0	4
OG0000428	0	3	1	4
OG0000429	0	4	0	4
OG0000430	0	4	0	4
OG0000431	0	4	0	4
OG0000432	0	4	0	4
OG0000433	0	2	2	4
OG0000434	0	4	0	4
OG0000435	0	3	1	4
OG0000436	0	4	0	4
OG0000437	0	2	2	4
OG0000438	0	4	0	4
OG0000439	0	4	0	4
OG0000440	0	3	1	4
OG0000441	0	3	1	4
OG0000442	0	4	0	4
OG0000443	0	4	0	4
OG0000444	0	4	0	4
OG0000445	0	4	0	4
OG0000446	0	4	0	4
OG0000447	0	2	2	4
OG0000448	0	2	2	4
OG0000449	0	4	0	4
OG0000450	0	4	0	4
OG0000451	0	3	1	4
OG0000452	0	3	1	4
OG0000453	0	4	0	4
OG0000454	0	3	1	4
OG0000455	0	4	0	4
OG0000456	0	3	1	4
OG0000457	0	3	1	4
OG0000458	0	4	0	4
OG0000459	0	1	3	4
OG0000460	0	4	0	4
OG0000461	0	1	3	4
OG0000462	0	1	3	4
OG0000463	0	1	3	4
OG0000464	0	1	3	4
OG0000465	0	0	4	4
OG0000466	0	0	4	4
OG0000467	0	0	4	4
OG0000468	0	0	4	4
OG0000469	0	0	4	4
OG0000470	0	0	4	4
OG0000471	0	0	4	4
OG0000472	0	0	4	4
OG0000473	0	0	4	4
OG0000474	0	0	4	4
OG0000475	0	0	4	4
OG0000476	0	0	4	4
OG0000477	0	0	4	4
OG0000478	1	1	1	3
OG0000479	1	1	1	3
OG0000480	1	1	1	3
OG0000481	1	1	1	3
OG0000482	1	1	1	3
OG0000483	1	1	1	3
OG0000484	1	1	1	3
OG0000485	1	1	1	3
OG0000486	1	1	1	3
OG0000487	1	1	1	3
OG0000488	1	1	1	3
OG0000489	1	1	1	3
OG0000490	1	1	1	3
OG0000491	2	0	1	3
OG0000492	1	1	1	3
OG0000493	1	2	0	3
OG0000494	2	1	0	3
OG0000495	1	1	1	3
OG0000496	3	0	0	3
OG0000497	1	1	1	3
OG0000498	1	1	1	3
OG0000499	1	1	1	3
OG0000500	1	2	0	3
OG0000501	2	0	1	3
OG0000502	1	1	1	3
OG0000503	1	1	1	3
OG0000504	1	1	1	3
OG0000505	1	1	1	3
OG0000506	1	1	1	3
OG0000507	1	1	1	3
OG0000508	1	1	1	3
OG0000509	1	2	0	3
OG0000510	1	1	1	3
OG0000511	1	1	1	3
OG0000512	1	1	1	3
OG0000513	1	1	1	3
OG0000514	1	1	1	3
OG0000515	1	1	1	3
OG0000516	1	1	1	3
OG0000517	1	1	1	3
OG0000518	2	1	0	3
OG0000519	1	2	0	3
OG0000520	1	1	1	3
OG0000521	1	1	1	3
OG0000522	1	1	1	3
OG0000523	1	1	1	3
OG0000524	1	1	1	3
OG0000525	1	1	1	3
OG0000526	1	1	1	3
OG0000527	1	1	1	3
OG0000528	1	1	1	3
OG0000529	1	2	0	3
OG0000530	1	1	1	3
OG0000531	1	1	1	3
OG0000532	2	1	0	3
OG0000533	1	1	1	3
OG0000534	1	1	1	3
OG0000535	1	1	1	3
OG0000536	1	1	1	3
OG0000537	1	1	1	3
OG0000538	1	1	1	3
OG0000539	1	1	1	3
OG0000540	1	1	1	3
OG0000541	1	2	0	3
OG0000542	1	2	0	3
OG0000543	1	2	0	3
OG0000544	2	0	1	3
OG0000545	1	1	1	3
OG0000546	1	1	1	3
OG0000547	1	1	1	3
OG0000548	2	0	1	3
OG0000549	1	1	1	3
OG0000550	2	0	1	3
OG0000551	1	2	0	3
OG0000552	1	1	1	3
OG0000553	1	1	1	3
OG0000554	1	2	0	3
OG0000555	2	1	0	3
OG0000556	1	1	1	3
OG0000557	2	0	1	3
OG0000558	1	2	0	3
OG0000559	1	0	2	3
OG0000560	1	1	1	3
OG0000561	1	1	1	3
OG0000562	1	1	1	3
OG0000563	1	1	1	3
OG0000564	1	1	1	3
OG0000565	1	1	1	3
OG0000566	1	1	1	3
OG0000567	2	1	0	3
OG0000568	1	2	0	3
OG0000569	1	1	1	3
OG0000570	1	1	1	3
OG0000571	1	1	1	3
OG0000572	1	1	1	3
OG0000573	1	1	1	3
OG0000574	1	1	1	3
OG0000575	1	1	1	3
OG0000576	1	1	1	3
OG0000577	1	1	1	3
OG0000578	1	1	1	3
OG0000579	1	1	1	3
OG0000580	1	1	1	3
OG0000581	1	1	1	3
OG0000582	1	1	1	3
OG0000583	1	1	1	3
OG0000584	1	1	1	3
OG0000585	1	1	1	3
OG0000586	1	1	1	3
OG0000587	1	1	1	3
OG0000588	1	1	1	3
OG0000589	1	1	1	3
OG0000590	1	2	0	3
OG0000591	1	1	1	3
OG0000592	1	2	0	3
OG0000593	1	1	1	3
OG0000594	1	1	1	3
OG0000595	1	1	1	3
OG0000596	1	1	1	3
OG0000597	1	1	1	3
OG0000598	1	2	0	3
OG0000599	1	1	1	3
OG0000600	1	1	1	3
OG0000601	1	1	1	3
OG0000602	1	2	0	3
OG0000603	1	1	1	3
OG0000604	1	1	1	3
OG0000605	1	1	1	3
OG0000606	1	2	0	3
OG0000607	1	1	1	3
OG0000608	1	1	1	3
OG0000609	1	1	1	3
OG0000610	1	1	1	3
OG0000611	1	1	1	3
OG0000612	1	1	1	3
OG0000613	1	0	2	3
OG0000614	1	0	2	3
OG0000615	1	1	1	3
OG0000616	1	1	1	3
OG0000617	1	1	1	3
OG0000618	1	1	1	3
OG0000619	1	1	1	3
OG0000620	1	1	1	3
OG0000621	1	1	1	3
OG0000622	1	1	1	3
OG0000623	1	1	1	3
OG0000624	1	1	1	3
OG0000625	2	0	1	3
OG0000626	1	1	1	3
OG0000627	1	1	1	3
OG0000628	1	1	1	3
OG0000629	1	1	1	3
OG0000630	1	1	1	3
OG0000631	1	1	1	3
OG0000632	1	1	1	3
OG0000633	1	1	1	3
OG0000634	1	1	1	3
OG0000635	1	1	1	3
OG0000636	1	1	1	3
OG0000637	1	2	0	3
OG0000638	1	1	1	3
OG0000639	1	1	1	3
OG0000640	2	0	1	3
OG0000641	1	0	2	3
OG0000642	1	2	0	3
OG0000643	1	1	1	3
OG0000644	1	1	1	3
OG0000645	2	1	0	3
OG0000646	2	1	0	3
OG0000647	1	2	0	3
OG0000648	1	2	0	3
OG0000649	1	1	1	3
OG0000650	1	1	1	3
OG0000651	1	1	1	3
OG0000652	1	2	0	3
OG0000653	2	1	0	3
OG0000654	1	1	1	3
OG0000655	3	0	0	3
OG0000656	1	1	1	3
OG0000657	1	1	1	3
OG0000658	1	1	1	3
OG0000659	1	2	0	3
OG0000660	1	1	1	3
OG0000661	1	1	1	3
OG0000662	1	1	1	3
OG0000663	1	1	1	3
OG0000664	1	1	1	3
OG0000665	1	1	1	3
OG0000666	1	1	1	3
OG0000667	1	1	1	3
OG0000668	1	1	1	3
OG0000669	1	1	1	3
OG0000670	1	1	1	3
OG0000671	1	1	1	3
OG0000672	1	1	1	3
OG0000673	1	1	1	3
OG0000674	1	1	1	3
OG0000675	1	1	1	3
OG0000676	1	1	1	3
OG0000677	1	2	0	3
OG0000678	1	1	1	3
OG0000679	1	2	0	3
OG0000680	1	1	1	3
OG0000681	1	1	1	3
OG0000682	1	2	0	3
OG0000683	1	1	1	3
OG0000684	1	1	1	3
OG0000685	1	1	1	3
OG0000686	1	1	1	3
OG0000687	1	1	1	3
OG0000688	1	1	1	3
OG0000689	1	1	1	3
OG0000690	1	1	1	3
OG0000691	1	1	1	3
OG0000692	1	1	1	3
OG0000693	1	1	1	3
OG0000694	1	1	1	3
OG0000695	1	1	1	3
OG0000696	1	1	1	3
OG0000697	1	1	1	3
OG0000698	1	1	1	3
OG0000699	1	1	1	3
OG0000700	1	1	1	3
OG0000701	1	1	1	3
OG0000702	1	2	0	3
OG0000703	1	1	1	3
OG0000704	1	1	1	3
OG0000705	1	1	1	3
OG0000706	1	1	1	3
OG0000707	1	1	1	3
OG0000708	1	1	1	3
OG0000709	1	1	1	3
OG0000710	1	1	1	3
OG0000711	1	1	1	3
OG0000712	1	1	1	3
OG0000713	1	2	0	3
OG0000714	1	1	1	3
OG0000715	1	1	1	3
OG0000716	2	1	0	3
OG0000717	2	1	0	3
OG0000718	2	1	0	3
OG0000719	1	1	1	3
OG0000720	1	1	1	3
OG0000721	1	1	1	3
OG0000722	1	1	1	3
OG0000723	1	1	1	3
OG0000724	1	1	1	3
OG0000725	1	1	1	3
OG0000726	1	1	1	3
OG0000727	1	1	1	3
OG0000728	1	1	1	3
OG0000729	1	1	1	3
OG0000730	1	1	1	3
OG0000731	1	1	1	3
OG0000732	1	1	1	3
OG0000733	1	1	1	3
OG0000734	1	1	1	3
OG0000735	1	1	1	3
OG0000736	1	1	1	3
OG0000737	1	1	1	3
OG0000738	1	1	1	3
OG0000739	1	1	1	3
OG0000740	1	1	1	3
OG0000741	1	1	1	3
OG0000742	1	1	1	3
OG0000743	1	1	1	3
OG0000744	1	1	1	3
OG0000745	1	1	1	3
OG0000746	1	1	1	3
OG0000747	1	1	1	3
OG0000748	1	1	1	3
OG0000749	1	1	1	3
OG0000750	1	1	1	3
OG0000751	1	1	1	3
OG0000752	1	2	0	3
OG0000753	2	1	0	3
OG0000754	1	1	1	3
OG0000755	1	1	1	3
OG0000756	1	1	1	3
OG0000757	1	1	1	3
OG0000758	1	1	1	3
OG0000759	1	1	1	3
OG0000760	1	1	1	3
OG0000761	1	1	1	3
OG0000762	1	1	1	3
OG0000763	1	2	0	3
OG0000764	1	1	1	3
OG0000765	1	1	1	3
OG0000766	1	1	1	3
OG0000767	1	2	0	3
OG0000768	1	1	1	3
OG0000769	1	1	1	3
OG0000770	1	1	1	3
OG0000771	1	1	1	3
OG0000772	1	1	1	3
OG0000773	2	0	1	3
OG0000774	1	1	1	3
OG0000775	1	1	1	3
OG0000776	1	2	0	3
OG0000777	1	1	1	3
OG0000778	1	1	1	3
OG0000779	1	1	1	3
OG0000780	2	0	1	3
OG0000781	1	1	1	3
OG0000782	1	1	1	3
OG0000783	1	1	1	3
OG0000784	1	1	1	3
OG0000785	1	2	0	3
OG0000786	1	1	1	3
OG0000787	1	1	1	3
OG0000788	1	1	1	3
OG0000789	1	2	0	3
OG0000790	1	1	1	3
OG0000791	1	2	0	3
OG0000792	1	1	1	3
OG0000793	1	1	1	3
OG0000794	1	2	0	3
OG0000795	1	1	1	3
OG0000796	1	1	1	3
OG0000797	1	1	1	3
OG0000798	1	1	1	3
OG0000799	1	1	1	3
OG0000800	1	1	1	3
OG0000801	1	1	1	3
OG0000802	1	1	1	3
OG0000803	1	1	1	3
OG0000804	1	1	1	3
OG0000805	1	1	1	3
OG0000806	1	2	0	3
OG0000807	1	2	0	3
OG0000808	1	1	1	3
OG0000809	1	1	1	3
OG0000810	1	1	1	3
OG0000811	1	1	1	3
OG0000812	1	1	1	3
OG0000813	1	1	1	3
OG0000814	1	1	1	3
OG0000815	1	1	1	3
OG0000816	1	1	1	3
OG0000817	1	1	1	3
OG0000818	1	1	1	3
OG0000819	1	1	1	3
OG0000820	1	1	1	3
OG0000821	1	1	1	3
OG0000822	1	1	1	3
OG0000823	1	1	1	3
OG0000824	1	1	1	3
OG0000825	1	1	1	3
OG0000826	1	1	1	3
OG0000827	1	1	1	3
OG0000828	1	1	1	3
OG0000829	1	1	1	3
OG0000830	1	1	1	3
OG0000831	1	1	1	3
OG0000832	1	1	1	3
OG0000833	1	1	1	3
OG0000834	1	1	1	3
OG0000835	1	1	1	3
OG0000836	1	1	1	3
OG0000837	1	2	0	3
OG0000838	1	1	1	3
OG0000839	1	1	1	3
OG0000840	1	1	1	3
OG0000841	1	1	1	3
OG0000842	1	1	1	3
OG0000843	1	1	1	3
OG0000844	1	1	1	3
OG0000845	1	1	1	3
OG0000846	1	1	1	3
OG0000847	1	1	1	3
OG0000848	1	2	0	3
OG0000849	1	1	1	3
OG0000850	1	2	0	3
OG0000851	1	1	1	3
OG0000852	1	1	1	3
OG0000853	1	1	1	3
OG0000854	1	2	0	3
OG0000855	1	1	1	3
OG0000856	2	1	0	3
OG0000857	1	1	1	3
OG0000858	1	2	0	3
OG0000859	1	1	1	3
OG0000860	1	1	1	3
OG0000861	1	1	1	3
OG0000862	1	1	1	3
OG0000863	1	1	1	3
OG0000864	1	1	1	3
OG0000865	1	1	1	3
OG0000866	1	1	1	3
OG0000867	1	1	1	3
OG0000868	1	1	1	3
OG0000869	1	1	1	3
OG0000870	1	2	0	3
OG0000871	2	1	0	3
OG0000872	1	2	0	3
OG0000873	2	1	0	3
OG0000874	1	1	1	3
OG0000875	1	2	0	3
OG0000876	1	1	1	3
OG0000877	1	1	1	3
OG0000878	1	1	1	3
OG0000879	1	1	1	3
OG0000880	1	1	1	3
OG0000881	1	1	1	3
OG0000882	1	1	1	3
OG0000883	1	1	1	3
OG0000884	1	1	1	3
OG0000885	1	1	1	3
OG0000886	1	1	1	3
OG0000887	1	1	1	3
OG0000888	1	1	1	3
OG0000889	1	1	1	3
OG0000890	1	1	1	3
OG0000891	1	1	1	3
OG0000892	1	2	0	3
OG0000893	1	1	1	3
OG0000894	1	1	1	3
OG0000895	1	1	1	3
OG0000896	1	1	1	3
OG0000897	1	1	1	3
OG0000898	1	1	1	3
OG0000899	1	1	1	3
OG0000900	1	1	1	3
OG0000901	1	2	0	3
OG0000902	1	1	1	3
OG0000903	1	1	1	3
OG0000904	1	1	1	3
OG0000905	1	1	1	3
OG0000906	1	1	1	3
OG0000907	1	1	1	3
OG0000908	1	2	0	3
OG0000909	1	1	1	3
OG0000910	1	1	1	3
OG0000911	1	1	1	3
OG0000912	1	1	1	3
OG0000913	1	1	1	3
OG0000914	1	1	1	3
OG0000915	1	1	1	3
OG0000916	1	1	1	3
OG0000917	1	1	1	3
OG0000918	1	1	1	3
OG0000919	1	1	1	3
OG0000920	1	1	1	3
OG0000921	1	1	1	3
OG0000922	1	1	1	3
OG0000923	1	1	1	3
OG0000924	1	1	1	3
OG0000925	1	1	1	3
OG0000926	1	1	1	3
OG0000927	1	1	1	3
OG0000928	1	1	1	3
OG0000929	1	1	1	3
OG0000930	1	1	1	3
OG0000931	1	1	1	3
OG0000932	1	1	1	3
OG0000933	1	1	1	3
OG0000934	1	1	1	3
OG0000935	1	1	1	3
OG0000936	1	1	1	3
OG0000937	1	1	1	3
OG0000938	1	1	1	3
OG0000939	1	1	1	3
OG0000940	1	1	1	3
OG0000941	1	1	1	3
OG0000942	1	1	1	3
OG0000943	1	1	1	3
OG0000944	1	2	0	3
OG0000945	1	1	1	3
OG0000946	1	1	1	3
OG0000947	1	1	1	3
OG0000948	1	1	1	3
OG0000949	1	1	1	3
OG0000950	1	1	1	3
OG0000951	1	1	1	3
OG0000952	1	1	1	3
OG0000953	1	1	1	3
OG0000954	1	1	1	3
OG0000955	1	1	1	3
OG0000956	1	1	1	3
OG0000957	1	1	1	3
OG0000958	1	1	1	3
OG0000959	1	0	2	3
OG0000960	1	1	1	3
OG0000961	1	1	1	3
OG0000962	1	1	1	3
OG0000963	1	1	1	3
OG0000964	1	2	0	3
OG0000965	1	1	1	3
OG0000966	1	1	1	3
OG0000967	1	1	1	3
OG0000968	1	1	1	3
OG0000969	1	1	1	3
OG0000970	1	2	0	3
OG0000971	1	1	1	3
OG0000972	0	3	0	3
OG0000973	0	3	0	3
OG0000974	0	3	0	3
OG0000975	0	3	0	3
OG0000976	0	3	0	3
OG0000977	0	3	0	3
OG0000978	0	3	0	3
OG0000979	0	3	0	3
OG0000980	0	3	0	3
OG0000981	0	3	0	3
OG0000982	0	3	0	3
OG0000983	0	2	1	3
OG0000984	0	3	0	3
OG0000985	0	1	2	3
OG0000986	0	3	0	3
OG0000987	0	3	0	3
OG0000988	0	3	0	3
OG0000989	0	3	0	3
OG0000990	0	3	0	3
OG0000991	0	3	0	3
OG0000992	0	2	1	3
OG0000993	0	2	1	3
OG0000994	0	3	0	3
OG0000995	0	3	0	3
OG0000996	0	2	1	3
OG0000997	0	3	0	3
OG0000998	0	3	0	3
OG0000999	0	2	1	3
OG0001000	0	2	1	3
OG0001001	0	3	0	3
OG0001002	0	3	0	3
OG0001003	0	1	2	3
OG0001004	0	3	0	3
OG0001005	0	2	1	3
OG0001006	0	2	1	3
OG0001007	0	3	0	3
OG0001008	0	3	0	3
OG0001009	0	1	2	3
OG0001010	0	3	0	3
OG0001011	0	1	2	3
OG0001012	0	2	1	3
OG0001013	0	3	0	3
OG0001014	0	3	0	3
OG0001015	0	3	0	3
OG0001016	0	3	0	3
OG0001017	0	3	0	3
OG0001018	0	3	0	3
OG0001019	0	3	0	3
OG0001020	0	3	0	3
OG0001021	0	2	1	3
OG0001022	0	1	2	3
OG0001023	0	1	2	3
OG0001024	0	1	2	3
OG0001025	0	3	0	3
OG0001026	0	3	0	3
OG0001027	0	3	0	3
OG0001028	0	3	0	3
OG0001029	0	2	1	3
OG0001030	0	1	2	3
OG0001031	0	2	1	3
OG0001032	0	2	1	3
OG0001033	0	2	1	3
OG0001034	0	1	2	3
OG0001035	0	3	0	3
OG0001036	0	3	0	3
OG0001037	0	3	0	3
OG0001038	0	2	1	3
OG0001039	0	2	1	3
OG0001040	0	3	0	3
OG0001041	0	3	0	3
OG0001042	0	3	0	3
OG0001043	0	3	0	3
OG0001044	0	2	1	3
OG0001045	0	3	0	3
OG0001046	0	3	0	3
OG0001047	0	3	0	3
OG0001048	0	1	2	3
OG0001049	0	2	1	3
OG0001050	0	3	0	3
OG0001051	0	3	0	3
OG0001052	0	1	2	3
OG0001053	0	3	0	3
OG0001054	0	3	0	3
OG0001055	0	2	1	3
OG0001056	0	1	2	3
OG0001057	0	3	0	3
OG0001058	0	2	1	3
OG0001059	0	2	1	3
OG0001060	0	3	0	3
OG0001061	0	1	2	3
OG0001062	0	3	0	3
OG0001063	0	3	0	3
OG0001064	0	3	0	3
OG0001065	0	3	0	3
OG0001066	0	3	0	3
OG0001067	0	3	0	3
OG0001068	0	2	1	3
OG0001069	0	3	0	3
OG0001070	0	2	1	3
OG0001071	0	3	0	3
OG0001072	0	2	1	3
OG0001073	0	2	1	3
OG0001074	0	1	2	3
OG0001075	0	2	1	3
OG0001076	0	3	0	3
OG0001077	0	2	1	3
OG0001078	0	2	1	3
OG0001079	0	1	2	3
OG0001080	0	2	1	3
OG0001081	0	2	1	3
OG0001082	0	2	1	3
OG0001083	0	3	0	3
OG0001084	0	3	0	3
OG0001085	0	2	1	3
OG0001086	0	1	2	3
OG0001087	0	1	2	3
OG0001088	0	2	1	3
OG0001089	0	3	0	3
OG0001090	0	3	0	3
OG0001091	0	1	2	3
OG0001092	0	3	0	3
OG0001093	0	2	1	3
OG0001094	0	1	2	3
OG0001095	0	2	1	3
OG0001096	0	2	1	3
OG0001097	0	2	1	3
OG0001098	0	3	0	3
OG0001099	0	1	2	3
OG0001100	0	3	0	3
OG0001101	0	1	2	3
OG0001102	0	2	1	3
OG0001103	0	3	0	3
OG0001104	0	2	1	3
OG0001105	0	3	0	3
OG0001106	0	1	2	3
OG0001107	0	2	1	3
OG0001108	0	1	2	3
OG0001109	0	1	2	3
OG0001110	0	3	0	3
OG0001111	0	2	1	3
OG0001112	0	1	2	3
OG0001113	0	3	0	3
OG0001114	0	0	3	3
OG0001115	0	0	3	3
OG0001116	0	0	3	3
OG0001117	0	0	3	3
OG0001118	0	0	3	3
OG0001119	0	0	3	3
OG0001120	0	0	3	3
OG0001121	0	0	3	3
OG0001122	0	0	3	3
OG0001123	0	0	3	3
OG0001124	0	0	3	3
OG0001125	0	0	3	3
OG0001126	0	0	3	3
OG0001127	0	0	3	3
OG0001128	0	0	3	3
OG0001129	0	0	3	3
OG0001130	0	0	3	3
OG0001131	0	0	3	3
OG0001132	0	0	3	3
OG0001133	0	0	3	3
OG0001134	0	0	3	3
OG0001135	0	0	3	3
OG0001136	0	0	3	3
OG0001137	0	0	3	3
OG0001138	1	1	0	2
OG0001139	1	0	1	2
OG0001140	1	1	0	2
OG0001141	1	1	0	2
OG0001142	1	0	1	2
OG0001143	1	1	0	2
OG0001144	1	1	0	2
OG0001145	1	1	0	2
OG0001146	1	1	0	2
OG0001147	1	1	0	2
OG0001148	1	1	0	2
OG0001149	1	1	0	2
OG0001150	1	1	0	2
OG0001151	1	1	0	2
OG0001152	1	1	0	2
OG0001153	2	0	0	2
OG0001154	2	0	0	2
OG0001155	1	1	0	2
OG0001156	1	0	1	2
OG0001157	1	1	0	2
OG0001158	1	1	0	2
OG0001159	2	0	0	2
OG0001160	2	0	0	2
OG0001161	1	1	0	2
OG0001162	1	1	0	2
OG0001163	1	1	0	2
OG0001164	1	1	0	2
OG0001165	1	1	0	2
OG0001166	1	1	0	2
OG0001167	1	1	0	2
OG0001168	1	1	0	2
OG0001169	1	1	0	2
OG0001170	1	0	1	2
OG0001171	1	1	0	2
OG0001172	1	1	0	2
OG0001173	1	1	0	2
OG0001174	1	1	0	2
OG0001175	1	1	0	2
OG0001176	1	1	0	2
OG0001177	1	1	0	2
OG0001178	1	1	0	2
OG0001179	1	1	0	2
OG0001180	1	1	0	2
OG0001181	1	1	0	2
OG0001182	1	1	0	2
OG0001183	1	1	0	2
OG0001184	1	1	0	2
OG0001185	2	0	0	2
OG0001186	2	0	0	2
OG0001187	2	0	0	2
OG0001188	2	0	0	2
OG0001189	2	0	0	2
OG0001190	2	0	0	2
OG0001191	2	0	0	2
OG0001192	2	0	0	2
OG0001193	2	0	0	2
OG0001194	2	0	0	2
OG0001195	1	1	0	2
OG0001196	2	0	0	2
OG0001197	2	0	0	2
OG0001198	2	0	0	2
OG0001199	2	0	0	2
OG0001200	2	0	0	2
OG0001201	2	0	0	2
OG0001202	1	1	0	2
OG0001203	2	0	0	2
OG0001204	1	1	0	2
OG0001205	1	1	0	2
OG0001206	1	1	0	2
OG0001207	1	1	0	2
OG0001208	1	1	0	2
OG0001209	1	1	0	2
OG0001210	1	1	0	2
OG0001211	1	1	0	2
OG0001212	1	1	0	2
OG0001213	1	1	0	2
OG0001214	1	1	0	2
OG0001215	1	1	0	2
OG0001216	1	1	0	2
OG0001217	1	1	0	2
OG0001218	2	0	0	2
OG0001219	2	0	0	2
OG0001220	1	1	0	2
OG0001221	1	1	0	2
OG0001222	1	1	0	2
OG0001223	1	1	0	2
OG0001224	2	0	0	2
OG0001225	2	0	0	2
OG0001226	2	0	0	2
OG0001227	1	0	1	2
OG0001228	1	1	0	2
OG0001229	1	1	0	2
OG0001230	1	1	0	2
OG0001231	1	1	0	2
OG0001232	1	1	0	2
OG0001233	1	1	0	2
OG0001234	1	1	0	2
OG0001235	1	1	0	2
OG0001236	1	1	0	2
OG0001237	1	0	1	2
OG0001238	1	1	0	2
OG0001239	1	1	0	2
OG0001240	1	1	0	2
OG0001241	1	1	0	2
OG0001242	1	1	0	2
OG0001243	1	0	1	2
OG0001244	1	1	0	2
OG0001245	1	1	0	2
OG0001246	1	1	0	2
OG0001247	1	1	0	2
OG0001248	1	1	0	2
OG0001249	1	1	0	2
OG0001250	1	1	0	2
OG0001251	1	1	0	2
OG0001252	1	1	0	2
OG0001253	1	1	0	2
OG0001254	1	0	1	2
OG0001255	1	1	0	2
OG0001256	1	1	0	2
OG0001257	1	1	0	2
OG0001258	1	1	0	2
OG0001259	1	1	0	2
OG0001260	1	1	0	2
OG0001261	1	1	0	2
OG0001262	1	1	0	2
OG0001263	1	0	1	2
OG0001264	1	0	1	2
OG0001265	1	1	0	2
OG0001266	1	1	0	2
OG0001267	1	0	1	2
OG0001268	1	1	0	2
OG0001269	1	1	0	2
OG0001270	2	0	0	2
OG0001271	1	1	0	2
OG0001272	1	0	1	2
OG0001273	1	0	1	2
OG0001274	1	1	0	2
OG0001275	1	1	0	2
OG0001276	1	1	0	2
OG0001277	1	1	0	2
OG0001278	1	1	0	2
OG0001279	1	1	0	2
OG0001280	1	1	0	2
OG0001281	1	0	1	2
OG0001282	2	0	0	2
OG0001283	1	1	0	2
OG0001284	1	0	1	2
OG0001285	1	1	0	2
OG0001286	1	1	0	2
OG0001287	1	1	0	2
OG0001288	1	1	0	2
OG0001289	1	1	0	2
OG0001290	1	1	0	2
OG0001291	1	1	0	2
OG0001292	1	1	0	2
OG0001293	1	1	0	2
OG0001294	1	1	0	2
OG0001295	1	1	0	2
OG0001296	1	1	0	2
OG0001297	1	1	0	2
OG0001298	1	1	0	2
OG0001299	1	1	0	2
OG0001300	2	0	0	2
OG0001301	1	1	0	2
OG0001302	1	1	0	2
OG0001303	1	1	0	2
OG0001304	2	0	0	2
OG0001305	1	1	0	2
OG0001306	1	0	1	2
OG0001307	1	1	0	2
OG0001308	1	0	1	2
OG0001309	1	1	0	2
OG0001310	1	1	0	2
OG0001311	1	1	0	2
OG0001312	2	0	0	2
OG0001313	1	1	0	2
OG0001314	1	1	0	2
OG0001315	1	1	0	2
OG0001316	1	1	0	2
OG0001317	1	1	0	2
OG0001318	1	1	0	2
OG0001319	1	1	0	2
OG0001320	1	0	1	2
OG0001321	1	1	0	2
OG0001322	2	0	0	2
OG0001323	1	1	0	2
OG0001324	1	0	1	2
OG0001325	1	1	0	2
OG0001326	1	1	0	2
OG0001327	1	1	0	2
OG0001328	1	1	0	2
OG0001329	1	1	0	2
OG0001330	1	1	0	2
OG0001331	1	1	0	2
OG0001332	1	1	0	2
OG0001333	1	1	0	2
OG0001334	1	1	0	2
OG0001335	1	0	1	2
OG0001336	1	1	0	2
OG0001337	1	1	0	2
OG0001338	1	1	0	2
OG0001339	1	1	0	2
OG0001340	1	1	0	2
OG0001341	1	1	0	2
OG0001342	1	1	0	2
OG0001343	1	0	1	2
OG0001344	1	1	0	2
OG0001345	1	1	0	2
OG0001346	1	1	0	2
OG0001347	2	0	0	2
OG0001348	1	1	0	2
OG0001349	1	0	1	2
OG0001350	1	1	0	2
OG0001351	1	1	0	2
OG0001352	1	1	0	2
OG0001353	1	1	0	2
OG0001354	1	1	0	2
OG0001355	1	1	0	2
OG0001356	1	1	0	2
OG0001357	1	1	0	2
OG0001358	1	1	0	2
OG0001359	1	1	0	2
OG0001360	1	0	1	2
OG0001361	1	1	0	2
OG0001362	1	1	0	2
OG0001363	1	1	0	2
OG0001364	1	1	0	2
OG0001365	1	1	0	2
OG0001366	1	1	0	2
OG0001367	1	1	0	2
OG0001368	1	1	0	2
OG0001369	1	1	0	2
OG0001370	1	1	0	2
OG0001371	1	1	0	2
OG0001372	1	1	0	2
OG0001373	1	0	1	2
OG0001374	1	1	0	2
OG0001375	1	1	0	2
OG0001376	1	1	0	2
OG0001377	1	1	0	2
OG0001378	1	1	0	2
OG0001379	1	1	0	2
OG0001380	1	0	1	2
OG0001381	1	1	0	2
OG0001382	1	1	0	2
OG0001383	1	0	1	2
OG0001384	1	0	1	2
OG0001385	1	0	1	2
OG0001386	1	1	0	2
OG0001387	1	1	0	2
OG0001388	1	1	0	2
OG0001389	1	1	0	2
OG0001390	1	1	0	2
OG0001391	1	1	0	2
OG0001392	1	1	0	2
OG0001393	1	1	0	2
OG0001394	1	1	0	2
OG0001395	1	1	0	2
OG0001396	1	1	0	2
OG0001397	1	1	0	2
OG0001398	1	1	0	2
OG0001399	1	1	0	2
OG0001400	1	1	0	2
OG0001401	1	0	1	2
OG0001402	1	1	0	2
OG0001403	1	1	0	2
OG0001404	1	1	0	2
OG0001405	1	1	0	2
OG0001406	1	0	1	2
OG0001407	1	1	0	2
OG0001408	1	1	0	2
OG0001409	1	1	0	2
OG0001410	1	1	0	2
OG0001411	1	1	0	2
OG0001412	1	1	0	2
OG0001413	1	1	0	2
OG0001414	1	1	0	2
OG0001415	1	0	1	2
OG0001416	1	0	1	2
OG0001417	1	1	0	2
OG0001418	1	1	0	2
OG0001419	1	1	0	2
OG0001420	1	0	1	2
OG0001421	1	1	0	2
OG0001422	1	1	0	2
OG0001423	1	1	0	2
OG0001424	1	1	0	2
OG0001425	1	0	1	2
OG0001426	1	0	1	2
OG0001427	1	1	0	2
OG0001428	1	1	0	2
OG0001429	1	1	0	2
OG0001430	1	1	0	2
OG0001431	1	1	0	2
OG0001432	1	1	0	2
OG0001433	1	1	0	2
OG0001434	1	1	0	2
OG0001435	1	1	0	2
OG0001436	1	1	0	2
OG0001437	1	1	0	2
OG0001438	1	1	0	2
OG0001439	1	1	0	2
OG0001440	1	1	0	2
OG0001441	1	1	0	2
OG0001442	2	0	0	2
OG0001443	1	1	0	2
OG0001444	1	1	0	2
OG0001445	1	1	0	2
OG0001446	1	1	0	2
OG0001447	1	0	1	2
OG0001448	1	0	1	2
OG0001449	1	0	1	2
OG0001450	1	1	0	2
OG0001451	1	1	0	2
OG0001452	1	1	0	2
OG0001453	1	1	0	2
OG0001454	1	1	0	2
OG0001455	1	0	1	2
OG0001456	1	1	0	2
OG0001457	1	1	0	2
OG0001458	1	1	0	2
OG0001459	1	1	0	2
OG0001460	1	1	0	2
OG0001461	1	1	0	2
OG0001462	1	1	0	2
OG0001463	1	0	1	2
OG0001464	1	1	0	2
OG0001465	1	0	1	2
OG0001466	1	1	0	2
OG0001467	1	1	0	2
OG0001468	1	1	0	2
OG0001469	1	1	0	2
OG0001470	1	0	1	2
OG0001471	1	1	0	2
OG0001472	1	0	1	2
OG0001473	1	1	0	2
OG0001474	1	1	0	2
OG0001475	1	1	0	2
OG0001476	1	1	0	2
OG0001477	1	1	0	2
OG0001478	1	1	0	2
OG0001479	1	1	0	2
OG0001480	1	1	0	2
OG0001481	1	1	0	2
OG0001482	1	0	1	2
OG0001483	1	0	1	2
OG0001484	1	1	0	2
OG0001485	1	1	0	2
OG0001486	1	1	0	2
OG0001487	1	1	0	2
OG0001488	1	1	0	2
OG0001489	1	1	0	2
OG0001490	1	1	0	2
OG0001491	1	1	0	2
OG0001492	1	1	0	2
OG0001493	1	1	0	2
OG0001494	1	1	0	2
OG0001495	1	1	0	2
OG0001496	1	0	1	2
OG0001497	1	1	0	2
OG0001498	1	1	0	2
OG0001499	2	0	0	2
OG0001500	1	1	0	2
OG0001501	1	0	1	2
OG0001502	1	1	0	2
OG0001503	1	1	0	2
OG0001504	1	1	0	2
OG0001505	1	1	0	2
OG0001506	1	1	0	2
OG0001507	1	1	0	2
OG0001508	1	1	0	2
OG0001509	1	1	0	2
OG0001510	1	1	0	2
OG0001511	1	1	0	2
OG0001512	0	2	0	2
OG0001513	0	2	0	2
OG0001514	0	2	0	2
OG0001515	0	2	0	2
OG0001516	0	2	0	2
OG0001517	0	2	0	2
OG0001518	0	2	0	2
OG0001519	0	2	0	2
OG0001520	0	2	0	2
OG0001521	0	2	0	2
OG0001522	0	2	0	2
OG0001523	0	2	0	2
OG0001524	0	2	0	2
OG0001525	0	2	0	2
OG0001526	0	2	0	2
OG0001527	0	2	0	2
OG0001528	0	2	0	2
OG0001529	0	2	0	2
OG0001530	0	2	0	2
OG0001531	0	2	0	2
OG0001532	0	2	0	2
OG0001533	0	1	1	2
OG0001534	0	1	1	2
OG0001535	0	2	0	2
OG0001536	0	2	0	2
OG0001537	0	2	0	2
OG0001538	0	2	0	2
OG0001539	0	2	0	2
OG0001540	0	1	1	2
OG0001541	0	1	1	2
OG0001542	0	2	0	2
OG0001543	0	1	1	2
OG0001544	0	1	1	2
OG0001545	0	1	1	2
OG0001546	0	1	1	2
OG0001547	0	2	0	2
OG0001548	0	2	0	2
OG0001549	0	2	0	2
OG0001550	0	2	0	2
OG0001551	0	2	0	2
OG0001552	0	1	1	2
OG0001553	0	1	1	2
OG0001554	0	2	0	2
OG0001555	0	2	0	2
OG0001556	0	1	1	2
OG0001557	0	2	0	2
OG0001558	0	2	0	2
OG0001559	0	2	0	2
OG0001560	0	2	0	2
OG0001561	0	2	0	2
OG0001562	0	2	0	2
OG0001563	0	2	0	2
OG0001564	0	1	1	2
OG0001565	0	2	0	2
OG0001566	0	2	0	2
OG0001567	0	2	0	2
OG0001568	0	2	0	2
OG0001569	0	2	0	2
OG0001570	0	2	0	2
OG0001571	0	2	0	2
OG0001572	0	2	0	2
OG0001573	0	1	1	2
OG0001574	0	2	0	2
OG0001575	0	1	1	2
OG0001576	0	2	0	2
OG0001577	0	1	1	2
OG0001578	0	2	0	2
OG0001579	0	1	1	2
OG0001580	0	2	0	2
OG0001581	0	2	0	2
OG0001582	0	2	0	2
OG0001583	0	2	0	2
OG0001584	0	2	0	2
OG0001585	0	1	1	2
OG0001586	0	1	1	2
OG0001587	0	2	0	2
OG0001588	0	2	0	2
OG0001589	0	2	0	2
OG0001590	0	2	0	2
OG0001591	0	1	1	2
OG0001592	0	2	0	2
OG0001593	0	2	0	2
OG0001594	0	1	1	2
OG0001595	0	2	0	2
OG0001596	0	2	0	2
OG0001597	0	1	1	2
OG0001598	0	1	1	2
OG0001599	0	1	1	2
OG0001600	0	1	1	2
OG0001601	0	1	1	2
OG0001602	0	2	0	2
OG0001603	0	2	0	2
OG0001604	0	2	0	2
OG0001605	0	2	0	2
OG0001606	0	1	1	2
OG0001607	0	1	1	2
OG0001608	0	1	1	2
OG0001609	0	1	1	2
OG0001610	0	2	0	2
OG0001611	0	2	0	2
OG0001612	0	2	0	2
OG0001613	0	2	0	2
OG0001614	0	2	0	2
OG0001615	0	2	0	2
OG0001616	0	2	0	2
OG0001617	0	2	0	2
OG0001618	0	2	0	2
OG0001619	0	2	0	2
OG0001620	0	2	0	2
OG0001621	0	2	0	2
OG0001622	0	1	1	2
OG0001623	0	2	0	2
OG0001624	0	1	1	2
OG0001625	0	1	1	2
OG0001626	0	1	1	2
OG0001627	0	1	1	2
OG0001628	0	2	0	2
OG0001629	0	1	1	2
OG0001630	0	2	0	2
OG0001631	0	1	1	2
OG0001632	0	2	0	2
OG0001633	0	2	0	2
OG0001634	0	2	0	2
OG0001635	0	2	0	2
OG0001636	0	2	0	2
OG0001637	0	2	0	2
OG0001638	0	2	0	2
OG0001639	0	2	0	2
OG0001640	0	2	0	2
OG0001641	0	1	1	2
OG0001642	0	2	0	2
OG0001643	0	1	1	2
OG0001644	0	2	0	2
OG0001645	0	1	1	2
OG0001646	0	2	0	2
OG0001647	0	2	0	2
OG0001648	0	2	0	2
OG0001649	0	2	0	2
OG0001650	0	2	0	2
OG0001651	0	2	0	2
OG0001652	0	1	1	2
OG0001653	0	1	1	2
OG0001654	0	1	1	2
OG0001655	0	1	1	2
OG0001656	0	1	1	2
OG0001657	0	1	1	2
OG0001658	0	2	0	2
OG0001659	0	2	0	2
OG0001660	0	2	0	2
OG0001661	0	1	1	2
OG0001662	0	2	0	2
OG0001663	0	1	1	2
OG0001664	0	2	0	2
OG0001665	0	2	0	2
OG0001666	0	2	0	2
OG0001667	0	1	1	2
OG0001668	0	2	0	2
OG0001669	0	2	0	2
OG0001670	0	2	0	2
OG0001671	0	1	1	2
OG0001672	0	2	0	2
OG0001673	0	2	0	2
OG0001674	0	2	0	2
OG0001675	0	2	0	2
OG0001676	0	2	0	2
OG0001677	0	2	0	2
OG0001678	0	2	0	2
OG0001679	0	1	1	2
OG0001680	0	1	1	2
OG0001681	0	2	0	2
OG0001682	0	2	0	2
OG0001683	0	2	0	2
OG0001684	0	2	0	2
OG0001685	0	2	0	2
OG0001686	0	2	0	2
OG0001687	0	1	1	2
OG0001688	0	2	0	2
OG0001689	0	2	0	2
OG0001690	0	2	0	2
OG0001691	0	1	1	2
OG0001692	0	1	1	2
OG0001693	0	2	0	2
OG0001694	0	2	0	2
OG0001695	0	1	1	2
OG0001696	0	2	0	2
OG0001697	0	2	0	2
OG0001698	0	2	0	2
OG0001699	0	1	1	2
OG0001700	0	2	0	2
OG0001701	0	1	1	2
OG0001702	0	1	1	2
OG0001703	0	2	0	2
OG0001704	0	2	0	2
OG0001705	0	2	0	2
OG0001706	0	2	0	2
OG0001707	0	1	1	2
OG0001708	0	1	1	2
OG0001709	0	1	1	2
OG0001710	0	1	1	2
OG0001711	0	1	1	2
OG0001712	0	2	0	2
OG0001713	0	2	0	2
OG0001714	0	2	0	2
OG0001715	0	2	0	2
OG0001716	0	2	0	2
OG0001717	0	2	0	2
OG0001718	0	1	1	2
OG0001719	0	2	0	2
OG0001720	0	2	0	2
OG0001721	0	2	0	2
OG0001722	0	1	1	2
OG0001723	0	2	0	2
OG0001724	0	1	1	2
OG0001725	0	2	0	2
OG0001726	0	1	1	2
OG0001727	0	2	0	2
OG0001728	0	1	1	2
OG0001729	0	2	0	2
OG0001730	0	1	1	2
OG0001731	0	2	0	2
OG0001732	0	2	0	2
OG0001733	0	2	0	2
OG0001734	0	2	0	2
OG0001735	0	2	0	2
OG0001736	0	2	0	2
OG0001737	0	1	1	2
OG0001738	0	1	1	2
OG0001739	0	1	1	2
OG0001740	0	1	1	2
OG0001741	0	2	0	2
OG0001742	0	2	0	2
OG0001743	0	2	0	2
OG0001744	0	2	0	2
OG0001745	0	2	0	2
OG0001746	0	2	0	2
OG0001747	0	1	1	2
OG0001748	0	2	0	2
OG0001749	0	1	1	2
OG0001750	0	2	0	2
OG0001751	0	1	1	2
OG0001752	0	2	0	2
OG0001753	0	1	1	2
OG0001754	0	2	0	2
OG0001755	0	1	1	2
OG0001756	0	1	1	2
OG0001757	0	1	1	2
OG0001758	0	1	1	2
OG0001759	0	2	0	2
OG0001760	0	1	1	2
OG0001761	0	2	0	2
OG0001762	0	1	1	2
OG0001763	0	1	1	2
OG0001764	0	1	1	2
OG0001765	0	1	1	2
OG0001766	0	1	1	2
OG0001767	0	1	1	2
OG0001768	0	2	0	2
OG0001769	0	2	0	2
OG0001770	0	2	0	2
OG0001771	0	2	0	2
OG0001772	0	1	1	2
OG0001773	0	2	0	2
OG0001774	0	2	0	2
OG0001775	0	1	1	2
OG0001776	0	1	1	2
OG0001777	0	1	1	2
OG0001778	0	1	1	2
OG0001779	0	1	1	2
OG0001780	0	1	1	2
OG0001781	0	2	0	2
OG0001782	0	2	0	2
OG0001783	0	2	0	2
OG0001784	0	1	1	2
OG0001785	0	2	0	2
OG0001786	0	2	0	2
OG0001787	0	1	1	2
OG0001788	0	1	1	2
OG0001789	0	1	1	2
OG0001790	0	2	0	2
OG0001791	0	2	0	2
OG0001792	0	1	1	2
OG0001793	0	2	0	2
OG0001794	0	2	0	2
OG0001795	0	1	1	2
OG0001796	0	1	1	2
OG0001797	0	1	1	2
OG0001798	0	1	1	2
OG0001799	0	1	1	2
OG0001800	0	1	1	2
OG0001801	0	1	1	2
OG0001802	0	1	1	2
OG0001803	0	1	1	2
OG0001804	0	1	1	2
OG0001805	0	2	0	2
OG0001806	0	1	1	2
OG0001807	0	1	1	2
OG0001808	0	1	1	2
OG0001809	0	2	0	2
OG0001810	0	1	1	2
OG0001811	0	1	1	2
OG0001812	0	1	1	2
OG0001813	0	1	1	2
OG0001814	0	2	0	2
OG0001815	0	2	0	2
OG0001816	0	2	0	2
OG0001817	0	2	0	2
OG0001818	0	1	1	2
OG0001819	0	1	1	2
OG0001820	0	1	1	2
OG0001821	0	1	1	2
OG0001822	0	1	1	2
OG0001823	0	1	1	2
OG0001824	0	1	1	2
OG0001825	0	1	1	2
OG0001826	0	1	1	2
OG0001827	0	2	0	2
OG0001828	0	2	0	2
OG0001829	0	1	1	2
OG0001830	0	1	1	2
OG0001831	0	2	0	2
OG0001832	0	2	0	2
OG0001833	0	1	1	2
OG0001834	0	1	1	2
OG0001835	0	1	1	2
OG0001836	0	2	0	2
OG0001837	0	2	0	2
OG0001838	0	2	0	2
OG0001839	0	2	0	2
OG0001840	0	2	0	2
OG0001841	0	1	1	2
OG0001842	0	1	1	2
OG0001843	0	2	0	2
OG0001844	0	1	1	2
OG0001845	0	1	1	2
OG0001846	0	1	1	2
OG0001847	0	1	1	2
OG0001848	0	2	0	2
OG0001849	0	1	1	2
OG0001850	0	1	1	2
OG0001851	0	1	1	2
OG0001852	0	1	1	2
OG0001853	0	1	1	2
OG0001854	0	1	1	2
OG0001855	0	1	1	2
OG0001856	0	1	1	2
OG0001857	0	1	1	2
OG0001858	0	1	1	2
OG0001859	0	2	0	2
OG0001860	0	2	0	2
OG0001861	0	1	1	2
OG0001862	0	1	1	2
OG0001863	0	2	0	2
OG0001864	0	2	0	2
OG0001865	0	1	1	2
OG0001866	0	1	1	2
OG0001867	0	2	0	2
OG0001868	0	2	0	2
OG0001869	0	2	0	2
OG0001870	0	1	1	2
OG0001871	0	1	1	2
OG0001872	0	1	1	2
OG0001873	0	2	0	2
OG0001874	0	1	1	2
OG0001875	0	1	1	2
OG0001876	0	1	1	2
OG0001877	0	1	1	2
OG0001878	0	1	1	2
OG0001879	0	1	1	2
OG0001880	0	1	1	2
OG0001881	0	1	1	2
OG0001882	0	1	1	2
OG0001883	0	2	0	2
OG0001884	0	1	1	2
OG0001885	0	2	0	2
OG0001886	0	1	1	2
OG0001887	0	1	1	2
OG0001888	0	1	1	2
OG0001889	0	2	0	2
OG0001890	0	2	0	2
OG0001891	0	2	0	2
OG0001892	0	1	1	2
OG0001893	0	1	1	2
OG0001894	0	1	1	2
OG0001895	0	0	2	2
OG0001896	0	0	2	2
OG0001897	0	0	2	2
OG0001898	0	0	2	2
OG0001899	0	0	2	2
OG0001900	0	0	2	2
OG0001901	0	0	2	2
OG0001902	0	0	2	2
OG0001903	0	0	2	2
OG0001904	0	0	2	2
OG0001905	0	0	2	2
OG0001906	0	0	2	2
OG0001907	0	0	2	2
OG0001908	0	0	2	2
OG0001909	0	0	2	2
OG0001910	0	0	2	2
OG0001911	0	0	2	2
OG0001912	0	0	2	2
OG0001913	0	0	2	2
OG0001914	0	0	2	2
OG0001915	0	0	2	2
OG0001916	0	0	2	2
OG0001917	0	0	2	2
OG0001918	0	0	2	2
OG0001919	0	0	2	2
OG0001920	0	0	2	2
OG0001921	0	0	2	2
OG0001922	0	0	2	2
OG0001923	0	0	2	2
OG0001924	0	0	2	2
OG0001925	0	0	2	2
OG0001926	0	0	2	2
OG0001927	0	0	2	2
OG0001928	0	0	2	2
OG0001929	0	0	2	2
OG0001930	0	0	2	2
OG0001931	0	0	2	2
OG0001932	0	0	2	2
OG0001933	0	0	2	2
OG0001934	0	0	2	2
OG0001935	0	0	2	2
OG0001936	0	0	2	2
OG0001937	0	0	2	2
OG0001938	0	0	2	2
OG0001939	0	0	2	2
OG0001940	0	0	2	2
OG0001941	0	0	2	2
OG0001942	0	0	2	2
OG0001943	0	0	2	2
OG0001944	0	0	2	2
OG0001945	0	0	2	2
OG0001946	0	0	2	2
OG0001947	0	0	2	2
OG0001948	0	0	2	2
OG0001949	0	0	2	2
OG0001950	0	0	2	2
OG0001951	0	0	2	2
OG0001952	0	0	2	2
OG0001953	0	0	2	2
OG0001954	0	0	2	2
OG0001955	0	0	2	2
OG0001956	0	0	2	2
OG0001957	0	0	2	2
OG0001958	0	0	2	2
OG0001959	0	0	2	2
OG0001960	0	0	2	2
OG0001961	0	0	2	2
OG0001962	0	0	2	2
OG0001963	0	0	2	2
OG0001964	0	0	2	2
OG0001965	0	0	2	2
OG0001966	0	0	2	2
OG0001967	0	0	2	2
OG0001968	0	0	2	2
OG0001969	0	0	2	2
OG0001970	0	0	2	2
OG0001971	0	0	2	2
OG0001972	0	0	2	2
OG0001973	0	0	2	2
OG0001974	0	0	2	2
OG0001975	0	0	2	2
OG0001976	0	0	2	2
OG0001977	0	0	2	2
OG0001978	0	0	2	2
OG0001979	0	0	2	2
OG0001980	0	0	2	2
OG0001981	0	0	2	2
OG0001982	0	0	2	2
OG0001983	0	0	2	2
OG0001984	0	0	2	2
OG0001985	0	0	2	2
OG0001986	0	0	2	2
OG0001987	0	0	2	2
OG0001988	0	0	2	2
OG0001989	0	0	2	2
OG0001990	0	0	2	2
OG0001991	0	0	2	2
OG0001992	0	0	2	2
OG0001993	0	0	2	2
OG0001994	0	0	2	2
OG0001995	0	0	2	2
OG0001996	0	0	2	2
OG0001997	0	0	2	2
OG0001998	0	0	2	2
OG0001999	0	0	2	2
OG0002000	0	0	2	2
OG0002001	0	0	2	2
OG0002002	0	0	2	2
OG0002003	0	0	2	2
OG0002004	0	0	2	2
